,CLM,CRF,HYG,IEP,JEPI,LQD,QQQ,RYLD,SVOL,TBF,TLT,XYLD
CLM,2.3123290554002383,2.3526453136485292,0.4288900471263156,0.7786404575509764,0.6681315957629114,0.5409431669358024,1.3271176532804725,0.6271808980675243,0.5482056764128401,-0.3874030106361963,0.4589727118276509,0.5358537280222396
CRF,2.3526453136485292,2.584211079896858,0.44681012754441124,0.8062638157751173,0.7204948117899518,0.5490297662498589,1.4337912215624895,0.6541941890590381,0.6097636757513831,-0.3692801345591164,0.4376636981040279,0.5717420217073658
HYG,0.4288900471263156,0.44681012754441124,0.17490485621275978,0.1771679313924029,0.25840395891993584,0.20088578048872938,0.474244833175743,0.22032879444728096,0.22200625661590626,-0.12742932913952615,0.1535783918372435,0.2043961887214916
IEP,0.7786404575509764,0.8062638157751173,0.1771679313924029,0.6618940436342666,0.28221238493214607,0.17492931402369502,0.5567776611183277,0.29541399739993773,0.2065745922550744,-0.04693678507364121,0.049309248214827836,0.2598736744508766
JEPI,0.6681315957629114,0.7204948117899518,0.25840395891993584,0.28221238493214607,0.5695748671810535,0.28277226026570074,0.8697304725038603,0.4402605491812182,0.3573796489127883,-0.12067547432164757,0.1465367831728458,0.43774476443844407
LQD,0.5409431669358024,0.5490297662498589,0.20088578048872938,0.17492931402369502,0.28277226026570074,0.37973733434729845,0.5080271966109293,0.24909152879209034,0.24745064758111135,-0.37260910537724246,0.44766958119047706,0.20834053913528588
QQQ,1.3271176532804725,1.4337912215624895,0.474244833175743,0.5567776611183277,0.8697304725038603,0.5080271966109293,1.7900441136577547,0.7337647206400604,0.6725524384107093,-0.19921576890346715,0.2422174659762839,0.7370602390695473
RYLD,0.6271808980675243,0.6541941890590381,0.22032879444728096,0.29541399739993773,0.4402605491812182,0.24909152879209034,0.7337647206400604,0.44868624550272623,0.2869840304209371,-0.1337413264195218,0.1638459366213051,0.38924895057583153
SVOL,0.5482056764128401,0.6097636757513831,0.22200625661590626,0.2065745922550744,0.3573796489127883,0.24745064758111135,0.6725524384107093,0.2869840304209371,0.47163109262335323,-0.13373433825453904,0.16044208606389906,0.27899146267790004
TBF,-0.3874030106361963,-0.3692801345591164,-0.12742932913952615,-0.04693678507364121,-0.12067547432164757,-0.37260910537724246,-0.19921576890346715,-0.1337413264195218,-0.13373433825453904,0.5633207300252661,-0.6763037269741871,-0.07482847515599166
TLT,0.4589727118276509,0.4376636981040279,0.1535783918372435,0.049309248214827836,0.1465367831728458,0.44766958119047706,0.2422174659762839,0.1638459366213051,0.16044208606389906,-0.6763037269741871,0.8140865379138174,0.0926075368714495
XYLD,0.5358537280222396,0.5717420217073658,0.2043961887214916,0.2598736744508766,0.43774476443844407,0.20834053913528588,0.7370602390695473,0.38924895057583153,0.27899146267790004,-0.07482847515599166,0.0926075368714495,0.3866048724495626
