,CLM,CRF,HYG,IEP,JEPI,LQD,QQQ,RYLD,SVOL,TBF,TLT,XYLD
CLM,1.9481600227352793,1.5347247929874597,0.6115403438625503,0.7571105731416805,0.44529034065588347,0.4864317576888672,1.242982487487497,0.7610950851364466,0.49814429124023507,-0.31492910903901455,0.3774692046275595,0.20748681618960269
CRF,1.5347247929874597,1.3081307819290662,0.4940113301293366,0.6102469480365083,0.376253829967846,0.3851867532908822,1.007856179084608,0.6222730801037741,0.426463460446827,-0.24102636076278944,0.2890613277566898,0.17151856464423532
HYG,0.6115403438625503,0.4940113301293366,0.41120132064387915,0.28406094411934,0.28372720745023383,0.3051155218139173,0.7503026831349554,0.4409895235300533,0.341084428377721,-0.18469060402480383,0.22778363307978208,0.1310389273594952
IEP,0.7571105731416805,0.6102469480365083,0.28406094411934,0.6818056800991024,0.21254740720902293,0.18957737657585302,0.571662178835227,0.4020494930695958,0.2180132778202872,-0.06325368483681323,0.0709236712464417,0.11140667627904326
JEPI,0.44529034065588347,0.376253829967846,0.28372720745023383,0.21254740720902293,0.2938272511949013,0.2009778940422304,0.6297105963601406,0.41493435874814494,0.25829467980758175,-0.07958145414181779,0.0990857143826859,0.13140396652216907
LQD,0.4864317576888672,0.3851867532908822,0.3051155218139173,0.18957737657585302,0.2009778940422304,0.36851905474550056,0.52554234143115,0.3217365438324989,0.24658355046944952,-0.3600067375764993,0.44315305261613414,0.08702158347410412
QQQ,1.242982487487497,1.007856179084608,0.7503026831349554,0.571662178835227,0.6297105963601406,0.52554234143115,1.84905877392869,0.9770380724627767,0.6638517894217045,-0.1917457906288754,0.23531744542616428,0.31059334462152016
RYLD,0.7610950851364466,0.6222730801037741,0.4409895235300533,0.4020494930695958,0.41493435874814494,0.3217365438324989,0.9770380724627767,0.7770522408560363,0.3759287602600291,-0.16409187314222595,0.20608980925377668,0.21480464406473748
SVOL,0.49814429124023507,0.426463460446827,0.341084428377721,0.2180132778202872,0.25829467980758175,0.24658355046944952,0.6638517894217045,0.3759287602600291,0.4665500155131086,-0.12899479460044108,0.15819487109961322,0.11552965529559564
TBF,-0.31492910903901455,-0.24102636076278944,-0.18469060402480383,-0.06325368483681323,-0.07958145414181779,-0.3600067375764993,-0.1917457906288754,-0.16409187314222595,-0.12899479460044108,0.570193004487796,-0.70151801526229,-0.029363028318558203
TLT,0.3774692046275595,0.2890613277566898,0.22778363307978208,0.0709236712464417,0.0990857143826859,0.44315305261613414,0.23531744542616428,0.20608980925377668,0.15819487109961322,-0.70151801526229,0.8655290272999335,0.03712995252361484
XYLD,0.20748681618960269,0.17151856464423532,0.1310389273594952,0.11140667627904326,0.13140396652216907,0.08702158347410412,0.31059334462152016,0.21480464406473748,0.11552965529559564,-0.029363028318558203,0.03712995252361484,0.06770646730863186
