,CLM,CRF,HYG,IEP,JEPI,LQD,QQQ,RYLD,SVOL,TBF,TLT,XYLD
CLM,1.2111464234410356,1.708566541620623,0.48373991304816605,0.372318208378005,0.49314600709886997,0.3999896343664282,0.960724931133777,0.5999204022246554,0.2970991234087406,-0.39226038463964,0.28443391187519734,0.4914204475961116
CRF,1.708566541620623,2.5861120407978655,0.7029042904888383,0.5325800354427509,0.7413524588775166,0.5705118105177749,1.418841948467122,0.8743009557729808,0.4533285757182632,-0.5405072183211116,0.39215353291772326,0.7265194533909639
HYG,0.48373991304816605,0.7029042904888383,0.413083862071178,0.18221128455876845,0.39971880693233797,0.3097345741721081,0.7369070293005658,0.4436652158003574,0.2541036486916816,-0.2639210555287788,0.19454041836638455,0.39734250317656894
IEP,0.372318208378005,0.5325800354427509,0.18221128455876845,0.28482819771973056,0.18984032165959921,0.11966229208770975,0.3645897039017924,0.2571968007491953,0.10192771883539974,-0.05044713044893069,0.033495009169094675,0.21641050688019262
JEPI,0.49314600709886997,0.7413524588775166,0.39971880693233797,0.18984032165959921,0.5726391894756995,0.2857629695977066,0.8823852491092448,0.5789993921025274,0.2673535705366516,-0.1646027795703175,0.12244620894820439,0.5554762295707567
LQD,0.3999896343664282,0.5705118105177749,0.3097345741721081,0.11966229208770975,0.2857629695977066,0.37730386686415046,0.5236792396520302,0.3264111589951028,0.18727584062117897,-0.49328399415758506,0.3619242650088093,0.26556288648573206
QQQ,0.960724931133777,1.418841948467122,0.7369070293005658,0.3645897039017924,0.8823852491092448,0.5236792396520302,1.7618495744630818,0.9760352138388594,0.49009464303176764,-0.30916942292834143,0.22936534085978683,0.9325206925728795
RYLD,0.5999204022246554,0.8743009557729808,0.4436652158003574,0.2571968007491953,0.5789993921025274,0.3264111589951028,0.9760352138388594,0.7745108402024079,0.27851795533954155,-0.23389628394709563,0.17506436439422005,0.6491683665210566
SVOL,0.2970991234087406,0.4533285757182632,0.2541036486916816,0.10192771883539974,0.2673535705366516,0.18727584062117897,0.49009464303176764,0.27851795533954155,0.2541316150000436,-0.14313157898804896,0.10523432459964518,0.25827005060763947
TBF,-0.39226038463964,-0.5405072183211116,-0.2639210555287788,-0.05044713044893069,-0.1646027795703175,-0.49328399415758506,-0.30916942292834143,-0.23389628394709563,-0.14313157898804896,0.992241081237323,-0.7269564267952443,-0.13362460442433058
TLT,0.28443391187519734,0.39215353291772326,0.19454041836638455,0.033495009169094675,0.12244620894820439,0.3619242650088093,0.22936534085978683,0.17506436439422005,0.10523432459964518,-0.7269564267952443,0.5340594410689182,0.1009032402235931
XYLD,0.4914204475961116,0.7265194533909639,0.39734250317656894,0.21641050688019262,0.5554762295707567,0.26556288648573206,0.9325206925728795,0.6491683665210566,0.25827005060763947,-0.13362460442433058,0.1009032402235931,0.619830054984781
