,CLM,CRF,HYG,IEP,JEPI,LQD,QQQ,RYLD,SVOL,TBF,TLT,XYLD
CLM,0.8449370681887824,1.1698593560688546,0.3757763595941701,0.41041670211802794,0.40288808641663615,0.21470757127281312,0.3444432473708321,0.5216865229512526,0.29832300906437537,-0.1454311399467007,0.06828037081447949,0.4783614247514015
CRF,1.1698593560688546,1.7712119950422476,0.5318057075996577,0.5978427750313865,0.5950780011592591,0.2955830005925921,0.504262198116162,0.7536343679148451,0.4518292899318976,-0.19169378167715626,0.09020421385861228,0.6999327852726371
HYG,0.3757763595941701,0.5318057075996577,0.38335866350276765,0.2396342221190017,0.37831706849082625,0.1903349953694973,0.30401916663507045,0.43611289393413677,0.2832093270781016,-0.12167060711890659,0.057576389859954315,0.41859019252040713
IEP,0.41041670211802794,0.5978427750313865,0.2396342221190017,0.5673469915592829,0.2593901244491287,0.11378754659134412,0.22332167873383715,0.36300375360271053,0.18742603349774065,-0.039039923101108445,0.018491377644966788,0.3232248356484649
JEPI,0.40288808641663615,0.5950780011592591,0.37831706849082625,0.2593901244491287,0.5799985857215858,0.18468448793872674,0.4132492331796738,0.5899753587846982,0.32232146915197063,-0.06861069349448036,0.03346915106949758,0.6035455991813968
LQD,0.21470757127281312,0.2955830005925921,0.1903349953694973,0.11378754659134412,0.18468448793872674,0.16124684763256417,0.13705360682776568,0.22894939339842219,0.13607913890078532,-0.15995079784092184,0.07600828263572525,0.19549759734056105
QQQ,0.3444432473708321,0.504262198116162,0.30401916663507045,0.22332167873383715,0.4132492331796738,0.13705360682776568,0.37907594718142223,0.4529639027686273,0.25131529641165545,-0.03850071925796062,0.01849621544549645,0.4675005599086342
RYLD,0.5216865229512526,0.7536343679148451,0.43611289393413677,0.36300375360271053,0.5899753587846982,0.22894939339842219,0.4529639027686273,0.7764619342721346,0.3734406568315688,-0.11882871771195007,0.057995575387776985,0.7070939924629569
SVOL,0.29832300906437537,0.4518292899318976,0.2832093270781016,0.18742603349774065,0.32232146915197063,0.13607913890078532,0.25131529641165545,0.3734406568315688,0.3612226471704245,-0.0759066763306386,0.03629170115938372,0.35351080315976885
TBF,-0.1454311399467007,-0.19169378167715626,-0.12167060711890659,-0.039039923101108445,-0.06861069349448036,-0.15995079784092184,-0.03850071925796062,-0.11882871771195007,-0.0759066763306386,0.24259501110435214,-0.11527583066600643,-0.06126860914878896
TLT,0.06828037081447949,0.09020421385861228,0.057576389859954315,0.018491377644966788,0.03346915106949758,0.07600828263572525,0.01849621544549645,0.057995575387776985,0.03629170115938372,-0.11527583066600643,0.05494599761296407,0.029839624982936405
XYLD,0.4783614247514015,0.6999327852726371,0.41859019252040713,0.3232248356484649,0.6035455991813968,0.19549759734056105,0.4675005599086342,0.7070939924629569,0.35351080315976885,-0.06126860914878896,0.029839624982936405,0.7311389553041934
