,CLM,CRF,HYG,IEP,JEPI,LQD,QQQ,RYLD,SVOL,TBF,TLT,XYLD
CLM,2.2060378532807947,1.4213502979728045,0.5685618921707595,0.709199584324306,0.6118941148424807,0.5045944461377817,0.8843328753773885,0.367854964040217,0.5397387895174993,-0.40444841875336496,0.20648241460974454,0.4531704031647793
CRF,1.4213502979728045,0.9994519210121222,0.37328262448102784,0.4806125583445874,0.4209156070357211,0.32286433056782465,0.5997581328484246,0.24781403710315797,0.37726653518941067,-0.24827830391558764,0.12704623753459932,0.30914238183231924
HYG,0.5685618921707595,0.37328262448102784,0.3206863947212493,0.23070038245486046,0.3243286743778738,0.25232057515826045,0.43858098246264693,0.17250120231796826,0.2823948033430749,-0.1962337398936253,0.10115807275203724,0.2223360497504818
IEP,0.709199584324306,0.4806125583445874,0.23070038245486046,0.6238015094689088,0.26478549451175776,0.17793346053882833,0.37299774573005096,0.1696275695351703,0.21144766614970792,-0.08424867294333432,0.043660609221246954,0.20261982022484273
JEPI,0.6118941148424807,0.4209156070357211,0.3243286743778738,0.26478549451175776,0.5187613590513201,0.2477711657851535,0.601542467892333,0.24700120082424928,0.3279129408548397,-0.11130074519203244,0.059154060031148946,0.338998100666621
LQD,0.5045944461377817,0.32286433056782465,0.25232057515826045,0.17793346053882833,0.2477711657851535,0.3286051458616643,0.3116936102615814,0.14302870377223043,0.21702916612277282,-0.4061856675488197,0.2102304486280072,0.16410488585016617
QQQ,0.8843328753773885,0.5997581328484246,0.43858098246264693,0.37299774573005096,0.601542467892333,0.3116936102615814,0.917684658531025,0.306341235924264,0.4314448496849358,-0.09461486092330353,0.04940004568186209,0.4244824845651711
RYLD,0.367854964040217,0.24781403710315797,0.17250120231796826,0.1696275695351703,0.24700120082424928,0.14302870377223043,0.306341235924264,0.15186989605232293,0.17451880788189827,-0.09578582749648405,0.05095364275103155,0.18546034776461398
SVOL,0.5397387895174993,0.37726653518941067,0.2823948033430749,0.21144766614970792,0.3279129408548397,0.21702916612277282,0.4314448496849358,0.17451880788189827,0.41639858388466455,-0.1470370446456224,0.07663432524407482,0.22184116930010814
TBF,-0.40444841875336496,-0.24827830391558764,-0.1962337398936253,-0.08424867294333432,-0.11130074519203244,-0.4061856675488197,-0.09461486092330353,-0.09578582749648405,-0.1470370446456224,0.8074839923377504,-0.41796144723292455,-0.06569902916812143
TLT,0.20648241460974454,0.12704623753459932,0.10115807275203724,0.043660609221246954,0.059154060031148946,0.2102304486280072,0.04940004568186209,0.05095364275103155,0.07663432524407482,-0.41796144723292455,0.21701918804583464,0.03487234739973389
XYLD,0.4531704031647793,0.30914238183231924,0.2223360497504818,0.20261982022484273,0.338998100666621,0.16410488585016617,0.4244824845651711,0.18546034776461398,0.22184116930010814,-0.06569902916812143,0.03487234739973389,0.2571625489567254
